time,dt,num_past_events
0,0,0
1,1,0
2,1,0
2.3133511984481,0.31335119844811,0
3.3133511984481,1,1
4.3133511984481,1,1
5.2875720524287,0.97422085398058,1
6.2875720524287,1,2
6.5093719756544,0.22179992322567,2
7.5093719756544,1,3
8.5093719756544,1,3
8.6548479002261,0.14547592457177,3
9.6548479002261,1,4
10,0.34515209977386,4

